Explained variance:
[  3.15364547e-01   4.00337041e-02   2.74039768e-02   2.47505107e-02
   2.15316935e-02   1.90926880e-02   1.82614309e-02   1.59440825e-02
   1.54127731e-02   1.50614682e-02   1.45837880e-02   1.38095603e-02
   1.34395770e-02   1.24153110e-02   1.21745611e-02   1.18617729e-02
   1.12588073e-02   1.11544776e-02   1.02410567e-02   1.00229339e-02
   9.68791428e-03   9.65599962e-03   9.47904670e-03   9.29158337e-03
   8.60289551e-03   8.46511454e-03   8.34358098e-03   8.21193545e-03
   8.07343356e-03   7.83557013e-03   7.54391629e-03   7.43145172e-03
   7.20072696e-03   6.93553339e-03   6.81861213e-03   6.77685782e-03
   6.53137828e-03   6.45937863e-03   6.40444125e-03   6.15893006e-03
   6.13710334e-03   5.82441741e-03   5.74845814e-03   5.58454718e-03
   5.43345253e-03   5.29982417e-03   5.19159745e-03   5.09280327e-03
   4.92051146e-03   4.88274372e-03   4.62870862e-03   4.56878190e-03
   4.48628940e-03   4.41377894e-03   4.36520957e-03   4.30094909e-03
   4.14189132e-03   4.04240865e-03   3.89617613e-03   3.78831294e-03
   3.72041472e-03   3.62611535e-03   3.60908263e-03   3.56561791e-03
   3.34970151e-03   3.30110584e-03   3.24725187e-03   3.17688717e-03
   3.12802346e-03   2.98930722e-03   2.94036330e-03   2.85139408e-03
   2.81879118e-03   2.80441985e-03   2.72663611e-03   2.64865770e-03
   2.61018630e-03   2.46304880e-03   2.40018757e-03   2.31510801e-03
   2.30778812e-03   2.21367998e-03   2.19404633e-03   2.17385056e-03
   2.09878267e-03   1.98530195e-03   1.95771417e-03   1.88661603e-03
   1.84115738e-03   1.81365722e-03   1.77779411e-03   1.60612981e-03
   1.54932433e-03   1.53822221e-03   1.47855602e-03   1.46729886e-03
   1.39886037e-03   1.36194251e-03   1.30058956e-03   1.27273461e-03
   1.26752322e-03   1.19591576e-03   1.13672829e-03   1.11167116e-03
   1.10058537e-03   9.84467678e-04   9.75527528e-04   9.62861713e-04
   8.97844462e-04   8.47893654e-04   8.18174043e-04   8.02179090e-04
   7.55194195e-04   7.11528320e-04   6.83480765e-04   6.62535201e-04
   6.07840618e-04   5.72321547e-04   5.34538308e-04   5.09020841e-04
   4.87371158e-04   3.83463253e-04   5.82966096e-17   5.64263045e-17
   5.00207408e-17   4.81271460e-17   4.61626982e-17   4.40599812e-17
   4.37322277e-17   3.99955835e-17   3.92856943e-17   3.87854720e-17
   3.62689740e-17   3.56342901e-17   3.45204929e-17   3.37467585e-17
   3.32601243e-17   3.19003974e-17   3.15711546e-17   3.12789609e-17
   2.99576157e-17   2.89933026e-17   2.87383308e-17   2.75480107e-17
   2.72492357e-17   2.66062606e-17   2.58819884e-17   2.50165194e-17
   2.44567081e-17   2.32489056e-17   2.29452491e-17   2.24060132e-17
   2.22606163e-17   2.15022457e-17   2.11911207e-17   2.07688125e-17
   2.01807221e-17   1.96765198e-17   1.92038811e-17   1.85549146e-17
   1.79151025e-17   1.75408498e-17   1.70050535e-17   1.67085185e-17
   1.60306324e-17   1.58856323e-17   1.53763596e-17   1.52524546e-17
   1.50623776e-17   1.47906089e-17   1.42859221e-17   1.40966438e-17
   1.32478050e-17   1.29847530e-17   1.27369654e-17   1.25446283e-17
   1.23059347e-17   1.19506541e-17   1.16458026e-17   1.12036163e-17
   1.11655101e-17   1.06606109e-17   1.05273852e-17   1.02432849e-17
   9.87359800e-18   9.44650019e-18   9.15068446e-18   8.99244089e-18
   8.74737814e-18   8.47414788e-18   8.20516088e-18   8.07646513e-18
   7.53524577e-18   7.43800596e-18   7.29913626e-18   7.07538405e-18
   6.89545834e-18   6.59881584e-18   6.38031097e-18   6.14650599e-18
   6.02140304e-18   5.93420776e-18   5.76781118e-18   5.53969087e-18
   5.50401539e-18   5.14886722e-18   5.03466489e-18   4.82537728e-18
   4.68996114e-18   4.53964887e-18   4.19491598e-18   4.16904706e-18
   3.92550292e-18   3.81705216e-18   3.63289478e-18   3.43253437e-18
   3.35368081e-18   3.21733170e-18   3.03802773e-18   2.91263065e-18
   2.78866648e-18   2.67670612e-18   2.56833427e-18   2.49785193e-18
   2.28074206e-18   2.15168568e-18   2.06499493e-18   2.00201389e-18
   1.75026150e-18   1.65400157e-18   1.60401146e-18   1.43496246e-18
   1.36273123e-18   1.25403916e-18   1.13495567e-18   1.00027866e-18
   9.76778081e-19   7.96413801e-19   7.71138294e-19   6.63890519e-19
   6.32442616e-19   5.56917554e-19   4.83633601e-19   6.21946905e-32
   2.12599067e-33   7.37612207e-34]
