Explained variance:
[  2.68329697e-01   6.81404920e-02   6.06033119e-02   5.68096290e-02
   5.16598642e-02   4.76004764e-02   3.90669807e-02   3.52206298e-02
   3.44594539e-02   3.37054955e-02   3.05903928e-02   2.57259941e-02
   2.36545328e-02   2.31145835e-02   2.25149461e-02   1.98256359e-02
   1.86828591e-02   1.74961064e-02   1.53576250e-02   1.39098933e-02
   1.37534665e-02   1.21651093e-02   1.11933623e-02   9.97952476e-03
   9.50170480e-03   8.16841967e-03   7.43160889e-03   6.95421365e-03
   5.75621157e-03   5.23392589e-03   3.39385304e-03   1.95536153e-16
   1.71505890e-16   1.61466179e-16   1.47459104e-16   1.41287913e-16
   1.38747413e-16   1.26119109e-16   1.20821652e-16   1.19222385e-16
   1.16025956e-16   1.08569955e-16   1.08395702e-16   9.95565233e-17
   9.84306172e-17   9.49347998e-17   9.07281713e-17   8.43370090e-17
   7.94487412e-17   7.92883508e-17   7.35258971e-17   6.91889377e-17
   6.61115944e-17   6.38528039e-17   6.33850426e-17   6.06881262e-17
   5.88379588e-17   5.53878846e-17   5.16120767e-17   4.90804386e-17
   4.37110987e-17   4.05457765e-33]
